Group,Gal,zmemb,ra,dec,logSFR_NUV,log_sSFR,log(M_*)_z,RE_g,n_g,RE_r,n_r,RE_i,n_i,RE_z,n_z,Survey
20,1,0.041238,13.04012577583562,-1.119177251059751,0.22021476966767395,-10.234963135286419,10.455177904954093,34.2949,0.7657,32.8672,0.9628,31.505,1.1508,30.0303,1.3544,DECALS
20,4,0.0413,13.05099114252429,-1.111288683922806,-0.05324031560492948,-9.932733135286417,9.879492819681488,15.2334,0.953,14.5706,1.0009,13.9382,1.0466,13.2537,1.0961,DECALS
26,4,0.035811,16.84741713183292,-32.8290673708472,0.045452478253693585,-10.827783135286417,10.87323561354011,13.6116,1.2265,12.2773,1.3947,11.0043,1.5551,9.6262,1.7287,DECALS
26,1,0.0643,16.80270840320432,-32.83567747715625,0.36548152693071145,-9.489753135286417,9.855234662217129,16.5053,0.9076,16.3148,1.0749,16.133,1.2345,15.9363,1.4073,DECALS
26,2,0.0638,16.81804207117206,-32.8427817921172,0.12822093852459204,-8.839653135286417,8.967874073811009,16.8836,0.9028,16.5453,0.9463,16.2226,0.9877,15.8732,1.0326,DECALS
28,4,0.0352,20.29108124601455,-32.04061563232854,0.10310490803852979,-9.384513135286417,9.487618043324947,17.4979,1.2767,17.054,1.3601,16.6306,1.4396,16.1721,1.5256,DECALS
28,3,0.0722,20.27815691689498,-32.0500743178396,0.3190539762215465,-9.098853135286419,9.417907111507965,10.0835,0.543,10.3687,0.6275,10.6408,0.7082,10.9353,0.7955,DECALS
28,2,0.0726,20.2526136443005,-32.05851136884929,0.7134528224824574,-9.913813135286416,10.627265957768874,21.0406,0.8906,20.6192,1.1242,20.2171,1.347,19.7818,1.5883,DECALS
28,1,0.0724,20.24462727220963,-32.06282642816967,0.347416713476564,-8.727363135286415,9.07477984876298,7.8737,0.6432,8.0469,0.7986,8.2121,0.9469,8.391,1.1074,DECALS
36,1,0.0428,26.88918569427224,-30.2617488125907,0.8272271191086134,-8.98059313528642,9.807820254395033,12.7935,1.6745,12.2872,1.7504,11.8041,1.8229,11.2811,1.9013,DECALS
36,4,0.0428,26.91354851874674,-30.24911880652262,-0.06537288089138471,-8.825423135286412,8.760050254395027,3.9111,3.6666,4.5501,3.4877,5.1599,3.317,5.8199,3.1321,DECALS
36,3,0.0428,26.90490354802899,-30.25425529877529,0.23778711910861006,-9.618573135286418,9.856360254395028,9.6617,1.151,9.6903,1.176,9.7175,1.2,9.747,1.2259,DECALS
36,2,0.0425,26.8952270149351,-30.26768591844592,0.12803744118288662,-8.455263135286419,8.583300576469306,11.3676,0.5438,10.9358,0.5376,10.5239,0.5316,10.0779,0.5251,DECALS
39,1,0.157394,29.6593525435057,-33.77359425372538,0.7523559263715889,-10.318033135286417,11.070389061658005,9.963,0.8404,9.7964,1.4029,9.6375,1.9397,9.4655,2.5207,DECALS
39,2,0.157394,29.66166257692671,-33.74332914844585,1.563835926371592,-9.540113135286413,11.103949061658005,8.0183,0.8596,7.7929,0.9298,7.5778,0.9969,7.345,1.0694,DECALS
39,3,0.157394,29.6653533612545,-33.7557267984171,1.335915926371591,-8.828423135286416,10.164339061658007,14.6342,0.5795,14.7095,0.6601,14.7814,0.737,14.8592,0.8203,DECALS
39,4,0.062604,29.68659056847958,-33.75728046432995,0.3333837466222658,-9.35704313528642,9.690426881908685,5.3664,1.4028,5.4623,1.6308,5.5537,1.8484,5.6527,2.0839,DECALS
40,3,0.0289,30.96466705372731,-31.14377393611345,0.4698952665953655,-8.922673135286413,9.392568401881778,14.8916,0.5343,14.5148,0.6172,14.1552,0.6963,13.766,0.782,DECALS
40,2,0.0289,30.95856931662525,-31.14696311824521,-0.07762473340463849,-8.822433135286419,8.74480840188178,12.0249,0.4039,12.0586,0.4513,12.0907,0.4966,12.1254,0.5456,DECALS
40,4,0.0665,30.97886528617959,-31.15557516968853,0.25814287168847727,-9.554023135286416,9.812166006974893,10.1025,0.7328,10.2225,0.7903,10.337,0.8452,10.4609,0.9047,DECALS
40,1,0.0289,30.9478588830863,-31.16082085071439,-0.37298473340463545,-9.775793135286415,9.40280840188178,13.7588,3.8465,12.39,3.6282,11.0841,3.4199,9.6704,3.1945,DECALS
48,1,0.0958,45.03859046574656,-36.38120277446424,0.6075905992393569,-9.846043135286417,10.453633734525773,22.8317,1.6369,22.2581,1.9212,21.7107,2.1925,21.1183,2.4861,DECALS
48,3,0.0958,45.04855677433579,-36.35173681597946,0.8267505992393556,-8.843943135286416,9.670693734525772,nan,0.8026,nan,1.9497,nan,3.0442,nan,4.2291,DECALS
48,2,0.0958,45.04357933448144,-36.35840573048463,0.8171105992393546,-10.208033135286417,11.025143734525772,20.8823,0.7446,20.2916,0.8835,19.728,1.016,19.118,1.1595,DECALS
48,4,0.0917,45.04940344608852,-36.35633565552046,1.509238252422307,-8.140193135286424,9.64943138770873,nan,1.6248,nan,2.5636,nan,3.4594,nan,4.4291,DECALS
54,1,0.10668,52.93920447662241,-39.61423111947493,0.48126559511794476,-9.772643135286417,10.253908730404362,7.2915,0.6596,7.6421,0.7665,7.9768,0.8686,8.339,0.9791,DECALS
54,4,0.10668,52.97204937707694,-39.61394410918128,1.1593855951179446,-7.93003313528642,9.089418730404365,nan,6.8806,1.0787,nan,2.0818,nan,3.1676,nan,DECALS
54,2,0.10668,52.94671752743711,-39.6313705245943,0.6872255951179422,-10.03588313528642,10.723108730404363,11.5892,0.7093,11.4413,0.8346,11.3003,0.9543,11.1476,1.0837,DECALS
54,3,0.10668,52.95790597526705,-39.63148912885078,-0.050094404882058186,-10.34725313528642,10.297158730404362,7.8124,1.289,7.9009,1.3441,7.9854,1.3966,8.0769,1.4535,DECALS
56,3,0.1064,53.44363247558491,-30.33458516543448,1.0053028370003254,-27.369043135286415,28.37434597228674,21.317,1.1995,20.1592,1.4842,19.0545,1.7559,0.0,0.0,DECALS
56,2,0.1061,53.43844343605756,-30.3025939673689,0.41681034888495105,-29.154393135286416,29.571203484171367,7.5607,0.9351,7.4569,1.0463,7.3578,1.1523,0.0,0.0,DECALS
56,4,0.1064,53.44537476493722,-30.30588441877911,0.7336228370003255,-28.425073135286418,29.158695972286743,6.4792,3.808,6.5357,3.9744,6.5896,4.1331,0.0,0.0,DECALS
56,1,0.130297,53.43533681994836,-30.31760628997305,0.8541684140662316,-27.846313135286422,28.700481549352652,10.5565,0.938,9.7433,1.3097,8.9675,1.6643,0.0,0.0,DECALS
60,2,0.004923,55.61118847941587,-41.14467798349656,-0.8411607473722249,-9.67987313528642,8.838712387914194,32.1839,1.5339,33.4988,1.4585,34.7535,1.3866,36.1116,1.3088,DECALS
60,4,0.004923,55.63225419210978,-41.14952251705099,-2.00756074737222,-9.441673135286415,7.434112387914195,23.3625,0.3164,23.3892,0.4288,23.4147,0.536,23.4423,0.652,DECALS
60,1,0.004923,55.61115773427836,-41.1554598853192,-2.1264807473722227,-9.779303135286415,7.652822387914193,8.0505,0.8975,13.9151,2.3278,19.5108,3.6925,25.5681,5.1699,DECALS
60,3,0.004923,55.61951174555693,-41.16989996658953,-1.4154407473722221,-8.737133135286417,7.3216923879141955,nan,nan,0.9155,nan,1.6865,nan,2.5211,nan,DECALS
62,1,0.582,57.72755090099398,-38.08460802995427,2.512545550382045,-10.127713135286417,12.640258685668462,17.8294,1.0483,17.5033,1.2235,17.1922,1.3907,16.8554,1.5717,DECALS
62,4,0.582,57.74170209790228,-38.09319043677665,3.098585550382042,-8.21583313528642,11.314418685668462,nan,3.2585,nan,4.1634,nan,5.0267,nan,5.9613,DECALS
62,2,0.582,57.73011576466543,-38.06117170321892,2.1264655503820418,-8.702203135286423,10.828668685668465,11.0501,1.046,11.8774,1.1494,12.6667,1.2481,13.5212,1.3549,DECALS
62,3,0.582,57.73095681634258,-38.04195678843559,2.212345550382045,-9.696253135286419,11.908598685668464,9.1049,0.3997,8.6586,0.5719,8.2327,0.7361,7.7717,0.9139,DECALS
230,3,0.042866,27.48574877761106,-27.8187794532997,0.8648855003322886,-10.161693135286416,11.026578635618705,24.6329,0.9885,24.1194,1.2273,23.6294,1.4551,23.099,1.7017,DECALS
230,4,0.042866,27.4914190220405,-27.81209212365086,0.3916455003322845,-10.005633135286418,10.397278635618703,18.8856,0.6959,18.5508,0.9306,18.2314,1.1544,17.8856,1.3967,DECALS
230,5,0.088395,27.50007935114963,-27.81807803003387,0.5673949813839254,-9.00927313528642,9.576668116670346,11.6435,0.8497,11.181,1.1518,10.7397,1.44,10.262,1.752,DECALS
230,2,0.042866,27.46902204298467,-27.82031360324704,-0.07811449966771278,-9.282413135286419,9.204298635618706,nan,8.7982,0.8527,nan,1.4027,nan,1.998,nan,DECALS
235,5,0.05828,66.77262982968402,-49.11473712347369,1.1771786672781719,-9.775013135286418,10.95219180256459,14.3452,2.0113,14.4472,1.9173,14.5445,1.8276,14.6498,1.7305,DECALS
235,1,0.05828,66.71578600950266,-49.11614529629508,0.7201386672781727,-9.119833135286417,9.83997180256459,11.1825,1.0916,11.0889,1.231,10.9997,1.3639,10.903,1.5078,DECALS
235,2,0.05828,66.72834628857257,-49.1176649251292,0.12001866727817223,-8.834553135286416,8.954571802564589,13.1281,1.8116,12.6818,1.8495,12.256,1.8857,11.795,1.9249,DECALS
235,3,0.05828,66.73140597687143,-49.12506145178234,0.6568586672781738,-9.394163135286414,10.051021802564588,12.501,2.8752,13.4963,3.0509,14.4459,3.2187,15.4738,3.4002,DECALS
271,6,0.027449,72.47271881132448,-73.07555121431152,0.04879263549290869,-5.9943831352864105,6.043175770779319,13.7717,3.718,10.6356,3.6103,7.6433,3.5075,4.4042,3.3963,DECALS
271,4,0.027449,72.39819006470766,-73.05513940680447,-0.27296736450709247,-9.295113135286416,9.022145770779323,6.5105,5.2333,5.174,4.1915,3.8989,3.1974,2.5185,2.1214,DECALS
271,2,0.027449,72.35695349024942,-73.06578208127395,0.5861126354929063,-7.1502631352864165,7.736375770779323,0.5402,0.191,0.5067,0.2314,nan,0.2699,nan,0.3116,DECALS
271,3,0.027449,72.38381935125376,-73.06689547614671,0.6218726354929061,-6.9394031352864145,7.561275770779321,0.6198,0.2815,0.5104,0.3587,nan,0.4324,nan,0.5121,DECALS
