ETG, 9<log(M)<10:

valor mediano de Re: [4.178, 4.131, 4.097, 4.066, 4.026, 3.934, 3.857, 3.631, 3.56, 3.344, 3.158, 3.114]

error inferior:
[1.6029999999999998, 1.552, 1.5150000000000006, 1.4809999999999999, 1.4369999999999998, 1.3370000000000002, 1.2530000000000001, 1.0079999999999996, 0.9300000000000002, 0.6949999999999998, 0.4929999999999999, 0.44499999999999984]

error inferior:
[1.8070000000000004, 1.9539999999999997, 2.0599999999999996, 2.1560000000000006, 2.2810000000000006, 2.3019999999999996, 2.1629999999999994, 2.44, 2.611, 2.8000000000000003, 2.272, 2.146]

ETG, 10<log(M)<11:

median: [5.935, 5.924, 5.887, 5.892, 6.076, 6.078, 6.156, 6.234, 6.2, 6.48, 6.375, 6.339]

error1:[0.37299999999999933, 0.41000000000000014, 0.2839999999999998, 0.27000000000000046, 0.41299999999999937, 0.43100000000000005, 0.44099999999999984, 0.5350000000000001, 0.4169999999999998, 0.7130000000000001, 0.6820000000000004, 0.5890000000000004],

eror2: [0.6140000000000008, 0.7139999999999995, 0.7410000000000005, 0.8279999999999994, 0.7510000000000003, 0.9219999999999997, 0.7860000000000005, 0.8499999999999996, 0.8579999999999997, 0.5199999999999996, 0.5670000000000002, 0.5839999999999996]]

LTG 9-10 log(M):

Median=[6.932, 6.875, 6.834, 6.797, 6.749, 6.637, 6.604, 6.67, 6.761, 6.565, 6.431, 6.411]

[0.9580000000000002, 0.9059999999999997, 0.8959999999999999, 0.8869999999999996, 0.8599999999999994, 0.6959999999999997, 0.6930000000000005, 0.8949999999999996, 0.9510000000000005, 0.7110000000000003, 0.8879999999999999, 0.952]
[0.6069999999999993, 0.6539999999999999, 0.6870000000000003, 0.718, 0.7570000000000006, 0.8500000000000005, 0.8659999999999997, 0.8079999999999998, 0.7080000000000002, 0.6359999999999992, 0.5410000000000004, 0.5070000000000006]

LTG 10-11 log(M):
Median=[6.8985, 6.865, 6.8469999999999995, 6.822, 6.789, 6.712, 6.7255, 6.6495, 6.6215, 6.5325, 6.404, 6.3515]

error1:[0.2975000000000003, 0.2795000000000005, 0.2604999999999995, 0.2474999999999996, 0.22699999999999942, 0.15850000000000009, 0.22300000000000075, 0.3754999999999997, 0.32200000000000006, 0.28799999999999937, 0.24249999999999972, 0.25]

error2:[0.3584999999999994, 0.3409999999999993, 0.3540000000000001, 0.37399999999999967, 0.48350000000000026, 0.5110000000000001, 0.4930000000000003, 0.5460000000000003, 0.476, 0.3095000000000008, 0.42100000000000026, 0.4670000000000005]]

Transition galaxies 9-10log(M):

median:[6.643, 6.62, 6.604, 6.59, 6.571, 6.527, 6.49, 6.383, 6.349, 6.138, 5.972, 5.955]

error1: [0.8780000000000001, 0.8970000000000002, 0.9100000000000001, 0.923, 0.9390000000000001, 0.976, 1.0060000000000002, 1.0970000000000004, 1.125, 1.104, 1.0990000000000002, 1.1210000000000004]

error2: [0.8330000000000002, 0.7809999999999997, 0.742, 0.7060000000000004, 0.6610000000000005, 0.5579999999999998, 0.48599999999999977, 0.4320000000000004, 0.4159999999999995, 0.476, 0.47299999999999986, 0.4119999999999999]



Transition galaxies 10-11log(M):

median:
[5.9555, 5.9275, 5.8895, 5.8665, 5.832, 5.8055, 5.819, 5.8115000000000006, 5.787000000000001, 5.711, 5.5945, 5.5685]

error1: 
0.9094999999999995, 0.7865000000000002, 0.7195, 0.6345000000000001, 0.6390000000000002, 0.6065000000000005, 0.5870000000000006, 0.6225000000000005, 0.6450000000000005, 0.5675000000000008, 0.4744999999999999, 0.47750000000000004]

error2:
[0.5285000000000002, 0.5184999999999995, 0.5274999999999999, 0.5234999999999994, 0.5350000000000001, 0.5749000000000013, 0.6360000000000001, 0.5554999999999994, 0.5654999999999992, 0.5909999999999993, 0.6224999999999996, 0.5895000000000001]
