Group,Gal,zmemb,ra,dec,log_sSFR,log(M_*)_z,RE_g,n_g,RE_r,n_r,RE_i,n_i,RE_z,n_z,Survey
20,4,0.0413,13.05099114252429,-1.111288683922806,-9.935603135286419,9.88236281968149,7.431,0.9424,7.1355,1.0702,6.8547,1.1916,6.6309,1.2884,SPLUS
26,1,0.0643,16.80270840320432,-32.83567747715625,-11.000643135286415,11.366124662217127,7.0106,1.4391,6.3734,1.6872,5.7678,1.9231,5.2853,2.111,SPLUS
26,2,0.0638,16.81804207117206,-32.8427817921172,-10.776303135286417,10.90452407381101,9.4318,0.478,9.4397,0.7105,9.4472,0.9314,9.4532,1.1073,SPLUS
26,3,0.035194,16.83293887916162,-32.8317691155815,-9.19728313528642,9.354879975768185,7.4485,0.7563,7.3787,0.9437,7.3123,1.1219,7.2593,1.2638,SPLUS
26,4,0.035811,16.84741713183292,-32.8290673708472,-8.432433135286416,8.47788561354011,7.4122,0.6481,7.4311,0.7636,7.4491,0.8734,7.4634,0.9608,SPLUS
28,1,0.0724,20.24462727220963,-32.06282642816967,-9.776323135286413,10.123739848762977,8.0916,1.1567,7.8671,1.2857,7.6539,1.4083,7.4839,1.5059,SPLUS
28,2,0.0726,20.2526136443005,-32.05851136884929,-8.519053135286418,9.232505957768876,4.0772,0.7516,4.1206,1.0607,4.1619,1.3543,4.1948,1.5884,SPLUS
28,3,0.0722,20.27815691689498,-32.0500743178396,-10.315173135286415,10.634227111507961,10.6892,0.8818,10.4163,1.2132,10.157,1.5281,9.9505,1.779,SPLUS
28,4,0.0352,20.29108124601455,-32.04061563232854,-8.748343135286417,8.851448043324947,4.7146,0.5092,4.8238,0.5862,4.9276,0.6593,5.0103,0.7176,SPLUS
36,2,0.0425,26.8952270149351,-30.26768591844592,-8.54872313528642,8.676760576469306,5.3847,0.4873,5.3517,0.5619,5.3204,0.6328,5.2954,0.6893,SPLUS
36,1,0.0428,26.88918569427224,-30.2617488125907,-9.000903135286416,9.82813025439503,6.4877,1.76,6.315,1.8089,6.1509,1.8554,6.0201,1.8925,SPLUS
36,4,0.0428,26.91354851874674,-30.24911880652262,-9.246643135286416,9.18127025439503,5.9749,nan,10.2652,nan,14.342,nan,17.5904,nan,SPLUS
36,3,0.0425,26.90490354802899,-30.25425529877529,-9.657953135286416,9.889630576469305,4.7585,1.2784,4.9122,1.3554,5.0583,1.4286,5.1746,1.4869,SPLUS
39,1,0.157394,29.6593525435057,-33.77359425372538,-9.438663135286415,10.191019061658004,7.1686,0.5878,7.2374,0.6952,7.3027,0.7974,7.3547,0.8787,SPLUS
39,2,0.157394,29.66166257692671,-33.74332914844585,-9.432483135286413,10.996319061658005,4.9136,0.8315,4.8587,1.3745,4.8065,1.8905,4.765,2.3016,SPLUS
39,4,0.062604,29.68659056847958,-33.75728046432995,-9.99046313528642,10.323846881908686,4.3969,1.1365,4.2899,1.2745,4.1883,1.4056,4.1073,1.5101,SPLUS
40,4,0.0665,30.97886528617959,-31.15557516968853,-9.542593135286412,9.800736006974889,4.7941,0.8662,5.0809,0.9901,5.3535,1.1078,5.5707,1.2016,SPLUS
40,2,0.0665,30.95856931662525,-31.14696311824521,-8.788993135286416,9.435216006974892,5.9022,0.3608,5.8572,0.4198,5.8145,0.4759,5.7804,0.5206,SPLUS
40,3,0.0289,30.96466705372731,-31.14377393611345,-8.889673135286413,9.359568401881779,7.1244,0.5465,6.9348,0.6276,6.7547,0.7048,6.6112,0.7662,SPLUS
48,2,0.0958,45.04357933448144,-36.35840573048463,-8.761893135286417,9.579003734525772,0.6728,1.492,nan,3.1343,nan,4.695,nan,5.9385,SPLUS
48,3,0.0958,45.04855677433579,-36.35173681597946,-8.83103313528642,9.657783734525776,nan,0.6849,nan,0.5404,nan,0.403,nan,0.2936,SPLUS
48,4,0.0917,45.04940344608852,-36.35633565552046,-8.738253135286419,10.247491387708726,7.6317,0.9881,7.2889,1.2694,6.963,1.5367,6.7034,1.7497,SPLUS
54,3,0.10668,52.95790597526705,-39.63148912885078,-9.755353135286425,9.705258730404367,20.5984,nan,13.0201,nan,5.819,nan,nan,nan,SPLUS
54,2,0.10668,52.94671752743711,-39.6313705245943,-9.537223135286421,10.224448730404363,4.0372,0.5662,4.1074,0.8559,4.174,1.1313,4.2272,1.3507,SPLUS
54,4,0.10668,52.97204937707694,-39.61394410918128,-9.76238313528642,10.921768730404365,5.9036,0.8028,6.2607,1.1715,6.6001,1.5218,6.8705,1.8009,SPLUS
56,2,0.1061,53.43844343605756,-30.3025939673689,-10.629013135286417,11.045823484171368,1.8027,1.5921,2.5314,3.4317,3.2239,5.1797,3.7756,6.5726,SPLUS
56,4,0.1061,53.44537476493722,-30.30588441877911,-9.067763135286416,9.798933484171364,3.8225,0.8702,3.707,0.9879,3.5972,1.0998,3.5097,1.1889,SPLUS
56,1,0.130297,53.43533681994836,-30.31760628997305,-10.252613135286419,11.10678154935265,9.7681,1.1769,9.3224,1.3816,8.8989,1.5762,8.5614,1.7312,SPLUS
60,3,0.004923,55.61951174555693,-41.16989996658953,-8.311903135286418,6.896462387914195,4.2731,1.2671,4.2361,1.3802,4.2009,1.4877,4.1729,1.5734,SPLUS
60,2,0.004923,55.61118847941587,-41.14467798349656,-9.73847313528642,8.897312387914194,13.857,1.3593,15.23,1.3277,16.5346,1.2977,17.5741,1.2738,SPLUS
62,4,0.582,57.74170209790228,-38.09319043677665,-8.852113135286425,11.950698685668467,3.8015,0.5402,3.7448,0.6883,3.6908,0.829,3.6478,0.9411,SPLUS
198,1,0.0901,334.4881763011416,-25.69512825316072,-10.09356313528642,10.703952298326813,40.4128,1.1437,38.369,1.2712,36.4268,1.3923,34.8794,1.4888,SPLUS
198,4,0.0837,334.5342549875871,-25.66724743330755,-9.39546313528642,9.650533632355204,7.5483,0.9409,6.8692,1.0349,6.2239,1.1243,5.7098,1.1955,SPLUS
230,3,0.042866,27.48574877761106,-27.8187794532997,-10.144843135286415,11.009728635618703,12.7603,1.1422,12.5131,1.3992,12.2782,1.6434,12.091,1.8379,SPLUS
230,1,0.088744,27.46342358877521,-27.82211553235923,-9.075403135286422,9.413500716330494,4.5525,0.673,4.3852,0.9659,4.2261,1.2442,4.0994,1.4659,SPLUS
230,5,0.088395,27.50007935114963,-27.81807803003387,-8.96194313528642,9.529338116670345,5.5112,0.6796,5.1094,0.9093,4.7277,1.1277,4.4236,1.3016,SPLUS
235,2,0.05828,66.72834628857257,-49.1176649251292,-8.398013135286417,8.51803180256459,6.0737,1.652,5.4409,1.706,4.8396,1.7573,4.3605,1.7982,SPLUS
235,1,0.05828,66.71578600950266,-49.11614529629508,-9.097063135286415,9.817201802564588,5.6062,1.0852,5.5989,1.2283,5.5921,1.3642,5.5866,1.4726,SPLUS
235,5,0.05828,66.77262982968402,-49.11473712347369,-10.168433135286417,11.345611802564589,15.4409,5.2323,15.272,5.2952,15.1115,5.3549,14.9837,5.4025,SPLUS
269,2,0.0715,50.23973999107268,-33.9067246811413,-8.87804313528642,9.427994799970847,4.1777,1.3619,4.1983,1.4402,4.2178,1.5146,4.2334,1.5739,SPLUS
269,5,0.0715,50.2660938105619,-33.90201401410077,-8.685463135286419,9.183214799970846,4.3664,0.5302,4.4139,0.5437,4.459,0.5566,4.4949,0.5668,SPLUS
269,6,0.070142,50.28122061266026,-33.90572373860297,-9.513583135286416,10.652879006399496,1.1663,nan,0.8317,nan,0.5138,nan,nan,nan,SPLUS
269,3,0.0568,50.25125623143664,-33.90354123982974,-10.08569313528642,10.429729387790724,5.9365,0.8699,5.7483,1.2516,5.5695,1.6144,5.427,1.9034,SPLUS
